5.315004348754883 -1.4056804180145264 
5.333207130432129 -1.241605520248413 
5.320180892944336 -1.3887003660202026 
5.5213212966918945 -1.509338140487671 
5.517179489135742 -1.7747352123260498 
5.607143878936768 -1.4332407712936401 
5.640782833099365 -1.4332407712936401 
5.633139133453369 -1.6650596857070923 
5.553053379058838 -1.8279554843902588 
5.646791934967041 -1.54151451587677 
5.620182514190674 -1.4662015438079834 
5.6630730628967285 -2.300084352493286 
5.651941776275635 -2.430302381515503 
5.631368637084961 -0.9172433614730835 
5.659694194793701 -1.6919491291046143 
5.6126203536987305 -1.5111945867538452 
5.547086238861084 -1.605865716934204 
5.58458137512207 -1.1464251279830933 
5.58834171295166 -1.1311637163162231 
5.535763740539551 -1.7305041551589966 
5.560342311859131 -1.555830478668213 
5.591564655303955 -1.7625184059143066 
5.520516395568848 -1.8336478471755981 
5.488851547241211 -1.8378387689590454 
5.398627758026123 -1.8111958503723145 
5.442296028137207 -1.9210773706436157 
5.442296028137207 -1.320783019065857 
5.4271440505981445 -1.550946831703186 
5.310842990875244 -1.6438239812850952 
5.1974992752075195 -1.2589889764785767 
5.276944637298584 -1.06962251663208 
5.296823978424072 -0.8272450566291809 
5.403586387634277 -0.8797609806060791 
5.4516682624816895 -0.7324743270874023 
5.4759745597839355 -0.78164142370224 
5.526099681854248 -0.7019938826560974 
5.491125583648682 -0.7278349995613098 
5.59173059463501 -0.623430073261261 
5.670427322387695 -0.5932697057723999 
5.865970134735107 -0.3948805332183838 
5.9749274253845215 -0.3276807963848114 
6.0658721923828125 -0.6111252903938293 
6.125385284423828 -0.31744131445884705 
6.192841053009033 -0.2256787270307541 
6.378260612487793 -0.24666717648506165 
6.407758712768555 -0.12941618263721466 
6.573912143707275 0.097714364528656 
6.66145133972168 0.018767178058624268 
6.740828514099121 0.07364141941070557 
6.811528205871582 0.09000682830810547 
6.925743103027344 0.11362683773040771 
7.060600757598877 0.12346655130386353 
7.150674343109131 0.08200407028198242 
7.264033794403076 0.18599748611450195 
7.356518745422363 0.31212663650512695 
7.574254512786865 0.3935966491699219 
7.736155986785889 0.3683074712753296 
7.851585865020752 0.491202712059021 
7.85437536239624 1.054303765296936 
8.030614852905273 0.6230795979499817 
8.162461280822754 0.48764467239379883 
8.183487892150879 0.5632719993591309 
8.453047752380371 0.7226932048797607 
8.497940063476562 0.8076936602592468 
8.618927001953125 1.0381313562393188 
8.738971710205078 1.1569828987121582 
8.81980037689209 0.8907310366630554 
8.874458312988281 1.134920358657837 
9.056185722351074 1.007369041442871 
9.105274200439453 1.1306586265563965 
9.257092475891113 1.1582584381103516 
9.190666198730469 1.1922156810760498 
9.418909072875977 1.297384262084961 
9.426712036132812 1.213391900062561 
9.475650787353516 1.1614911556243896 
9.654922485351562 1.2979950904846191 
9.813318252563477 1.4639354944229126 
10.084070205688477 2.0792407989501953 
10.197213172912598 1.896169900894165 
10.281702995300293 2.0028061866760254 
10.33370304107666 2.0182039737701416 
10.542558670043945 2.0408132076263428 
10.628595352172852 2.220364570617676 
10.747020721435547 2.250080108642578 
10.916746139526367 2.3512754440307617 
10.769980430603027 2.353142738342285 
11.086472511291504 2.464637041091919 
11.13623046875 2.5401530265808105 
10.559488296508789 2.4436287879943848 
10.87901496887207 2.6456918716430664 
11.227128028869629 2.722092866897583 
11.238985061645508 2.8118581771850586 
11.304438591003418 2.9559643268585205 
11.320510864257812 2.902113676071167 
11.381216049194336 2.9515936374664307 
11.366782188415527 2.842313528060913 
11.566596031188965 3.1139168739318848 
11.583209991455078 3.177993059158325 
11.65571403503418 3.350372552871704 
11.743067741394043 3.406906843185425 
11.845815658569336 3.3417441844940186 
11.764095306396484 3.3485848903656006 
11.833047866821289 3.4607975482940674 
11.821139335632324 3.5210649967193604 
11.870786666870117 3.6327669620513916 
11.93770980834961 3.5824778079986572 
11.909550666809082 3.5808284282684326 
12.01513957977295 3.598431348800659 
11.884475708007812 3.4714622497558594 
11.678574562072754 3.437135934829712 
11.82014274597168 3.4198954105377197 
11.770866394042969 3.3700907230377197 
11.739583969116211 3.447923183441162 
11.708104133605957 3.40107798576355 
11.763138771057129 3.4491429328918457 
11.983342170715332 3.50650954246521 
12.024423599243164 3.556429862976074 
10.875 3.385843276977539 
11.806990623474121 3.480102300643921 
11.695085525512695 3.3366620540618896 
11.973320960998535 3.445432424545288 
12.066032409667969 3.6069159507751465 
11.989097595214844 3.4689087867736816 
12.007269859313965 3.4715490341186523 
11.998208045959473 3.4703760147094727 
11.957799911499023 3.292656421661377 
10.917108535766602 3.0552337169647217 
10.73750114440918 2.9325647354125977 
10.844783782958984 2.9480140209198 
11.803071975708008 3.2472455501556396 
11.581095695495605 3.1505274772644043 
10.535964965820312 2.953770875930786 
11.421262741088867 2.841445207595825 
10.86007022857666 2.8139119148254395 
11.355791091918945 2.9015300273895264 
11.343184471130371 3.11468768119812 
11.396703720092773 2.9749040603637695 
11.393336296081543 2.8642325401306152 
11.270012855529785 2.186264991760254 
10.964134216308594 2.0659775733947754 
11.131267547607422 2.9503540992736816 
10.972346305847168 2.9283790588378906 
10.904647827148438 2.892284393310547 
10.887495994567871 2.950533151626587 
10.761480331420898 2.8176538944244385 
9.267181396484375 -2.196322441101074 
10.651896476745605 2.90170955657959 
10.644600868225098 2.8482043743133545 
10.586599349975586 2.805471420288086 
10.544730186462402 2.804837942123413 
10.47006607055664 2.7442474365234375 
10.404090881347656 2.7123067378997803 
10.355206489562988 2.774379014968872 
10.263635635375977 2.6862130165100098 
10.206981658935547 2.6555397510528564 
10.165838241577148 2.704395294189453 
10.075570106506348 2.628664016723633 
10.047411918640137 2.639085292816162 
9.866752624511719 2.4430906772613525 
9.78803825378418 2.4374523162841797 
9.865494728088379 2.94268798828125 
9.763042449951172 2.7847752571105957 
9.661869049072266 2.7285923957824707 
9.595502853393555 2.719766616821289 
9.524316787719727 2.6026172637939453 
9.468509674072266 2.605142593383789 
9.501646041870117 2.5988378524780273 
9.405366897583008 2.630246877670288 
9.301946640014648 2.5170726776123047 
9.276180267333984 2.5719265937805176 
9.235608100891113 2.5766091346740723 
9.139887809753418 2.485469102859497 
9.066086769104004 2.4698710441589355 
9.00396728515625 2.569990873336792 
8.930179595947266 2.5292558670043945 
8.847206115722656 2.4500222206115723 
8.792842864990234 2.579817056655884 
8.717733383178711 2.526461601257324 
8.649981498718262 2.526040554046631 
8.60873794555664 2.571636915206909 
8.538366317749023 2.400956153869629 
8.524690628051758 2.345823049545288 
8.457622528076172 2.406953811645508 
8.363433837890625 2.329284429550171 
8.29642391204834 2.2461307048797607 
8.160943984985352 2.2386598587036133 
8.03579330444336 2.338764190673828 
7.936369895935059 2.2832632064819336 
7.875336647033691 2.0906293392181396 
7.8099870681762695 2.144225597381592 
7.758716106414795 2.1591434478759766 
7.705899715423584 1.9835755825042725 
7.683783054351807 1.9161598682403564 
7.585126876831055 1.9541369676589966 
6.349686145782471 1.7817929983139038 
6.28968620300293 1.8524812459945679 
6.233288288116455 1.8344624042510986 
6.158214092254639 1.8168971538543701 
6.101858615875244 1.7308135032653809 
6.025625228881836 1.6123132705688477 
5.954067230224609 1.648278832435608 
5.851579189300537 1.6499959230422974 
5.743564605712891 1.6356492042541504 
5.702535152435303 1.5721137523651123 
5.596244812011719 1.655576467514038 
5.519246578216553 1.6728078126907349 
5.42952299118042 1.5959504842758179 
5.296877384185791 1.5398064851760864 
5.196477890014648 1.6040102243423462 
5.0452351570129395 1.6950712203979492 
4.976020336151123 1.5354760885238647 
4.968411445617676 1.6390701532363892 
4.821432113647461 1.5857393741607666 
4.797513008117676 1.6139307022094727 
4.694950103759766 1.5466358661651611 
4.62054443359375 1.5492119789123535 
4.665182113647461 1.5359864234924316 
4.562290191650391 1.5256942510604858 
4.454381465911865 1.420179009437561 
4.346328258514404 1.533325433731079 
4.263124465942383 1.5371417999267578 
4.209622859954834 1.5277793407440186 
4.158008098602295 1.4270333051681519 
4.088948726654053 1.5208734273910522 
3.9607536792755127 1.475174903869629 
3.9189231395721436 1.4056721925735474 
3.830986261367798 1.3834904432296753 
3.792635679244995 1.3274279832839966 
3.719515085220337 1.4602422714233398 
3.6861984729766846 1.363107681274414 
3.5782852172851562 1.3804816007614136 
3.5469741821289062 1.3478889465332031 
3.473266363143921 1.3635468482971191 
3.402825355529785 1.3020564317703247 
3.346174955368042 1.3453707695007324 
3.342913866043091 1.3646295070648193 
3.339092969894409 1.156227469444275 
3.2739593982696533 1.1993370056152344 
3.1535751819610596 1.233933448791504 
3.100545644760132 1.2124532461166382 
3.0679681301116943 1.2037831544876099 
2.9890425205230713 1.1726782321929932 
2.7869069576263428 1.2308156490325928 
2.7940967082977295 1.211553692817688 
2.663304328918457 1.2628706693649292 
2.650456666946411 1.193507194519043 
2.592430353164673 1.0919561386108398 
2.3681347370147705 1.1132793426513672 
2.3900673389434814 1.1271964311599731 
2.3837437629699707 1.184154987335205 
2.3649444580078125 1.2830930948257446 
2.267076015472412 0.6992350220680237 
2.1436350345611572 0.8818861246109009 
1.9816974401474 0.8362308740615845 
2.000067710876465 0.790102481842041 
1.880125641822815 0.8015592694282532 
1.8289815187454224 0.8034154176712036 
1.7171684503555298 0.800311803817749 
1.6073776483535767 0.7065988779067993 
1.598589301109314 0.6707791090011597 
1.5137969255447388 0.5641448497772217 
1.379839539527893 0.6199036836624146 
1.3266547918319702 0.591096043586731 
1.283770203590393 0.555320143699646 
1.1463710069656372 0.5223415493965149 
1.1787121295928955 0.5436311960220337 
0.9655055999755859 0.5205392241477966 
1.1099642515182495 0.4365740418434143 
0.9471256136894226 0.4169675409793854 
0.8356900215148926 0.4267825186252594 
0.6575235724449158 0.4072152376174927 
0.5472376346588135 0.3113713562488556 
0.6046828031539917 0.33322688937187195 
0.5181787610054016 0.34042131900787354 
0.4468454420566559 0.2515471577644348 
0.5933272242546082 0.23185177147388458 
0.38341784477233887 0.172255739569664 
0.3105567693710327 0.171888068318367 
0.284580260515213 0.16106510162353516 
0.2003977745771408 0.009358277544379234 
0.10456391423940659 0.09060131013393402 
0.1334974467754364 -0.00013686378952115774 
0.07812980562448502 0.04938530549407005 
0.08747613430023193 -0.029252151027321815 
0.12940113246440887 -0.030382702127099037 
0.12940089404582977 0.15971112251281738 
0.24510283768177032 -0.03968692198395729 
0.12314888089895248 0.009358277544379234 
0.06269609928131104 0.0815693661570549 
0.11073025315999985 0.07982219755649567 
-0.03049357794225216 0.09502560645341873 
0.10149136930704117 0.13047531247138977 
0.13405044376850128 0.33501049876213074 
0.05047774314880371 0.4391584098339081 
0.15141046047210693 0.15380032360553741 
0.10088292509317398 0.22216583788394928 
0.06220086291432381 0.3233165144920349 
0.1424291878938675 0.3240219056606293 
0.11004853248596191 0.4108036160469055 
0.17815808951854706 0.47166693210601807 
0.06728744506835938 0.6517122387886047 
0.0946091040968895 0.6775189638137817 
0.14654390513896942 0.49038708209991455 
0.09488898515701294 0.984040379524231 
0.15796935558319092 0.6904351711273193 
0.17513269186019897 0.9755493998527527 
0.18761809170246124 0.9476289749145508 
0.12505586445331573 1.1192361116409302 
0.1826234757900238 1.1821067333221436 
0.11779101938009262 1.1785258054733276 
-0.04921078681945801 1.1912600994110107 
0.0063288211822509766 1.3202744722366333 
0.13987962901592255 1.345318078994751 
0.012888431549072266 1.5119646787643433 
0.044305283576250076 1.4838988780975342 
-0.00937749445438385 1.573219656944275 
-0.03831235691905022 1.6202619075775146 
0.02495706081390381 1.585767149925232 
0.0670878067612648 1.60981285572052 
0.01863630674779415 1.6710104942321777 
0.0481901578605175 1.7518278360366821 
0.03591346740722656 1.847339153289795 
0.03794161602854729 1.8966805934906006 
0.023893991485238075 1.9865978956222534 
0.09339841455221176 2.050251007080078 
0.0875498428940773 2.0258140563964844 
0.03461647033691406 2.091318130493164 
-0.039145153015851974 2.204871416091919 
-0.052191417664289474 2.2330565452575684 
-0.014310200698673725 2.2027151584625244 
-0.06691139936447144 2.721728801727295 
0.0036627452354878187 2.424232244491577 
0.0360666923224926 2.4098620414733887 
0.025763830170035362 2.5083303451538086 
0.025763830170035362 2.4601001739501953 
0.017375310882925987 2.5363011360168457 
0.04508145526051521 2.6681156158447266 
0.007544835563749075 2.7360479831695557 
-0.009809494018554688 2.9164645671844482 
-0.0051625571213662624 2.883176326751709 
0.030818304046988487 2.978288412094116 
0.05905405804514885 3.0455565452575684 
-0.017411550506949425 3.124997138977051 
0.0011342366924509406 3.0444142818450928 
0.0323740653693676 3.1986453533172607 
0.027727127075195312 3.11849308013916 
0.03708584979176521 3.335996389389038 
0.007544835563749075 3.1562771797180176 
-0.025224050506949425 3.1594111919403076 
0.0011342366924509406 3.3964693546295166 
0.0027256011962890625 3.3707919120788574 
-0.034926097840070724 3.3707919120788574 
-0.038102466613054276 3.422217845916748 
-0.08057975769042969 3.520740270614624 
-0.038102466613054276 3.525972604751587 
-0.04437001422047615 3.546870708465576 
0.026192346587777138 3.541351795196533 
-0.0035991668701171875 3.5364692211151123 
-0.041250865906476974 3.578639030456543 
-0.050523120909929276 3.5255990028381348 
-0.014392216689884663 3.530668258666992 
-0.009809494018554688 3.473982095718384 
0.056049346923828125 3.545733690261841 
0.11499277502298355 3.3911612033843994 
0.20310401916503906 3.4276325702667236 
0.32084211707115173 3.36226224899292 
0.2583281099796295 3.2467288970947266 
0.08559513092041016 3.1836819648742676 
0.447216659784317 3.2059385776519775 
0.4770272672176361 3.2467288970947266 
0.4852214455604553 3.219402313232422 
0.527533233165741 3.120675802230835 
0.5927918553352356 3.0849485397338867 
0.6009305119514465 3.0578126907348633 
0.6341117024421692 3.009697914123535 
0.6657034754753113 3.0606307983398438 
0.7530701756477356 3.0244626998901367 
0.7783167958259583 3.038874387741089 
0.8285509943962097 3.0648539066314697 
0.9001887440681458 2.8347396850585938 
0.9454107284545898 2.929189920425415 
0.9818503260612488 2.904561996459961 
1.1194111108779907 2.9610915184020996 
1.2468208074569702 2.8197340965270996 
1.323653221130371 2.751096725463867 
1.4959713220596313 2.5293667316436768 
1.445272445678711 2.6798558235168457 
1.521654486656189 2.499009609222412 
1.5145639181137085 3.0044732093811035 
1.5499738454818726 2.8103082180023193 
1.6705478429794312 2.6293344497680664 
1.7624517679214478 2.4826393127441406 
1.8271116018295288 2.352072238922119 
1.9187246561050415 2.101996421813965 
1.8989782333374023 2.3692760467529297 
2.183095693588257 2.095649003982544 
2.157637596130371 2.323821783065796 
2.3477628231048584 2.1631112098693848 
2.469209671020508 2.2261545658111572 
2.4441471099853516 2.2082176208496094 
2.455885887145996 2.1912007331848145 
2.5679290294647217 2.280118465423584 
2.663541555404663 2.1813576221466064 
2.872022867202759 1.9220027923583984 
2.9734678268432617 1.8412878513336182 
2.850022315979004 2.3708486557006836 
3.0929453372955322 2.1383838653564453 
3.1368401050567627 2.1090340614318848 
3.218499183654785 2.092193603515625 
3.4273178577423096 2.066254138946533 
3.5485212802886963 1.9368834495544434 
3.6510534286499023 1.893378496170044 
3.8846607208251953 1.4071983098983765 
3.8043880462646484 1.9323861598968506 
3.8465566635131836 2.2669219970703125 
3.9110889434814453 2.163705587387085 
3.8738064765930176 2.301647186279297 
4.039230823516846 2.2579517364501953 
4.116067886352539 2.0791749954223633 
4.341460227966309 1.9935858249664307 
4.3815460205078125 2.2914810180664062 
4.574080467224121 1.7312272787094116 
4.828387260437012 1.2103335857391357 
4.974161624908447 1.611451268196106 
5.672611236572266 1.2654842138290405 
6.0378594398498535 1.6049586534500122 
6.218906402587891 1.7858256101608276 
6.380658149719238 1.7851288318634033 
6.470241069793701 1.4286236763000488 
6.572590351104736 1.6979262828826904 
6.692677974700928 1.5448436737060547 
6.754316329956055 1.6751348972320557 
6.761672496795654 1.999768614768982 
6.915850639343262 1.562017798423767 
7.068325042724609 1.6622816324234009 
7.13101053237915 1.885619878768921 
7.119662284851074 1.9417319297790527 
7.425444602966309 1.2768688201904297 
7.311133861541748 1.5573720932006836 
7.483173847198486 1.5528013706207275 
7.403585910797119 1.9265344142913818 
7.512217044830322 1.617370367050171 
7.64398193359375 1.707885503768921 
7.738891124725342 1.7343475818634033 
8.01242446899414 1.3229739665985107 
8.160103797912598 1.1354179382324219 
8.358491897583008 1.116974115371704 
8.39549446105957 1.325207233428955 
8.544317245483398 1.2473639249801636 
8.733487129211426 1.0396270751953125 
8.88717269897461 1.045069694519043 
9.091362953186035 1.128339409828186 
9.215964317321777 0.8155268430709839 
9.377767562866211 0.9597061276435852 
9.443543434143066 0.9462007880210876 
9.569928169250488 0.686061680316925 
9.537724494934082 0.7233830690383911 
9.935646057128906 1.114150047302246 
9.640487670898438 0.820319652557373 
9.827536582946777 1.2840301990509033 
9.977741241455078 0.9526285529136658 
10.0961275100708 0.9078667163848877 
10.393498420715332 0.8924154043197632 
10.557703018188477 0.731644868850708 
10.404473304748535 0.8640432357788086 
10.353912353515625 0.6675122976303101 
10.559186935424805 0.5778371095657349 
10.597274780273438 0.42103293538093567 
10.692639350891113 0.38277915120124817 
10.827688217163086 0.48328596353530884 
10.992158889770508 0.47277671098709106 
11.061290740966797 0.35507041215896606 
11.517414093017578 0.413163959980011 
11.335838317871094 0.3556554913520813 
11.510552406311035 0.4389711916446686 
11.543997764587402 0.3670756220817566 
11.64499282836914 0.2707067131996155 
11.881914138793945 0.2990998923778534 
11.925826072692871 0.284175306558609 
12.058916091918945 0.4693411886692047 
12.088845252990723 0.10564776510000229 
12.129461288452148 0.2780529856681824 
12.251215934753418 -0.04781993851065636 
12.185755729675293 -0.030533932149410248 
12.135218620300293 -0.2663276195526123 
12.352317810058594 0.44732654094696045 
12.329841613769531 -0.022845584899187088 
12.329296112060547 0.041172195225954056 
12.35805606842041 -0.039898328483104706 
12.317647933959961 -0.053951434791088104 
12.4098482131958 0.05460125952959061 
12.282856941223145 -0.049779534339904785 
12.2590970993042 -0.2611987292766571 
12.236360549926758 -0.1333288848400116 
12.212902069091797 -0.07369554787874222 
12.083971977233887 -0.17146484553813934 
12.201354026794434 -0.12900233268737793 
12.376349449157715 -0.004071015864610672 
12.29384994506836 -0.26111283898353577 
12.306242942810059 -0.30597859621047974 
12.278944969177246 -0.39271116256713867 
12.343733787536621 -0.12928126752376556 
12.286684036254883 -0.9329341650009155 
12.193859100341797 -0.8515090942382812 
12.43183708190918 -0.582076907157898 
12.475692749023438 -0.6003298163414001 
12.351445198059082 -0.4702753722667694 
12.333535194396973 -1.0633212327957153 
12.378495216369629 -1.179032802581787 
12.866755485534668 -0.9513345956802368 
12.832146644592285 -0.7984535694122314 
12.586687088012695 -1.2336088418960571 
12.66500473022461 -1.1786246299743652 
12.87115478515625 -1.0865522623062134 
12.934991836547852 -1.0070750713348389 
12.711852073669434 -1.1959236860275269 
12.743770599365234 -1.417651653289795 
12.874173164367676 -1.3818379640579224 
13.048739433288574 -1.3965626955032349 
13.399528503417969 -1.5147578716278076 
13.301308631896973 -1.455040693283081 
13.27061939239502 -1.6259303092956543 
13.549744606018066 -1.3008272647857666 
13.761369705200195 -1.4246561527252197 
13.81157398223877 -1.4527326822280884 
13.471487998962402 -2.1078100204467773 
13.613906860351562 -1.7308236360549927 
13.688435554504395 -1.6720832586288452 
13.488044738769531 -2.20294189453125 
13.48190689086914 -2.282918930053711 
13.716973304748535 -2.093006134033203 
13.93449878692627 -2.0878381729125977 
14.065080642700195 -1.462004542350769 
13.94217300415039 -2.4030396938323975 
14.009038925170898 -2.479137420654297 
13.914509773254395 -2.7404592037200928 
14.23831558227539 -2.477285623550415 
14.317198753356934 -2.612421751022339 
14.30912971496582 -2.666186809539795 
14.474878311157227 -2.381736993789673 
14.445298194885254 -2.72003173828125 
14.549409866333008 -2.6081809997558594 
14.59813117980957 -2.79127836227417 
14.858753204345703 -2.2324676513671875 
14.845562934875488 -2.293632745742798 
15.268714904785156 -2.7641477584838867 
15.017796516418457 -2.4155452251434326 
15.068589210510254 -2.571091890335083 
15.477859497070312 -2.7275538444519043 
15.734321594238281 -2.3935909271240234 
15.474205017089844 -2.3408567905426025 
15.733504295349121 -2.3798656463623047 
16.349651336669922 -2.6452174186706543 
16.54835319519043 -2.9306883811950684 
16.782861709594727 -1.4548166990280151 
16.913230895996094 -0.8490973711013794 
17.089847564697266 -0.5654513835906982 
16.891948699951172 -2.742206335067749 
16.882631301879883 -3.0231094360351562 
16.808809280395508 -2.873053550720215 
17.21774673461914 -0.5736844539642334 
16.454326629638672 -2.7037835121154785 
17.027860641479492 -1.0677703619003296 
17.44622039794922 -1.0787506103515625 
17.432636260986328 -1.0842394828796387 
16.96262550354004 -1.359651803970337 
16.884193420410156 -1.5014753341674805 
17.43415069580078 -1.374288558959961 
17.03177261352539 -1.6350648403167725 
17.655773162841797 -1.2192213535308838 
17.143152236938477 -2.898686408996582 
16.947072982788086 -2.7705864906311035 
17.504072189331055 -3.0277011394500732 
16.586395263671875 -3.139333724975586 
17.533262252807617 -3.248222827911377 
17.470787048339844 -2.3844552040100098 
17.942838668823242 -1.317319631576538 
17.253307342529297 -2.7321605682373047 
17.880844116210938 -2.6104652881622314 
17.645404815673828 -2.4942586421966553 
17.50414276123047 -2.3698177337646484 
17.28414535522461 -2.6104652881622314 
17.473806381225586 -2.5994880199432373 
17.58692169189453 -2.5939972400665283 
18.300281524658203 -2.818178176879883 
18.383188247680664 -2.810859441757202 
18.610454559326172 -2.912428617477417 
18.6951904296875 -3.1274595260620117 
17.926799774169922 -2.4347920417785645 
18.473793029785156 -3.2006676197052 
17.764944076538086 -3.279364585876465 
18.808921813964844 -2.9106171131134033 
19.13518524169922 -2.6937551498413086 
18.362655639648438 -3.112839937210083 
18.506641387939453 -2.5912716388702393 
18.28131675720215 -3.148538827896118 
18.447935104370117 -3.148538827896118 
18.702611923217773 -2.6571602821350098 
18.900400161743164 -2.3616018295288086 
18.666301727294922 -2.7724525928497314 
19.153905868530273 -3.08451509475708 
20.175596237182617 -1.3971256017684937 
19.152587890625 -3.272641658782959 
19.362327575683594 -2.882291793823242 
19.4476261138916 -3.0076663494110107 
20.014301300048828 -2.5583724975585938 
19.46739959716797 -2.969241142272949 
19.3968448638916 -3.1074233055114746 
20.34172821044922 -3.2062478065490723 
20.368053436279297 -3.2584140300750732 
20.29319190979004 -2.608708143234253 
20.714998245239258 -2.6645336151123047 
20.683677673339844 -2.803630828857422 
20.82765769958496 -2.624279022216797 
20.783889770507812 -2.7679505348205566 
20.060901641845703 -2.7322709560394287 
21.34702491760254 -3.1898350715637207 
21.29911994934082 -3.2447452545166016 
21.191049575805664 -3.298741102218628 
21.178110122680664 -3.2447452545166016 
21.36141586303711 -2.805497169494629 
21.448278427124023 -2.4897749423980713 
20.52587127685547 -2.5538344383239746 
20.91888427734375 -2.410163164138794 
21.011363983154297 -2.351484537124634 
21.153244018554688 -2.484267234802246 
21.158966064453125 -2.873216152191162 
21.258108139038086 -2.5739614963531494 
21.320890426635742 -2.8192203044891357 
21.239912033081055 -2.879638195037842 
21.308794021606445 -2.5437707901000977 
21.232336044311523 -2.5437707901000977 
21.079776763916016 -2.7386934757232666 
21.264358520507812 -2.649017572402954 
21.12490463256836 -2.4897749423980713 
21.13311004638672 -2.895191192626953 
21.313648223876953 -2.4989240169525146 
21.186689376831055 -2.589987277984619 
21.54207992553711 -2.3863580226898193 
21.36579704284668 -2.604152202606201 
21.486913681030273 -2.410163164138794 
21.637845993041992 -2.5446674823760986 
21.665178298950195 -2.6965909004211426 
21.564306259155273 -2.6142160892486572 
21.665071487426758 -2.3936767578125 
21.729045867919922 -2.5940887928009033 
21.96650505065918 -2.9885079860687256 
21.822555541992188 -2.9171295166015625 
21.76629066467285 -2.662722110748291 
21.935121536254883 -2.517221212387085 
21.874427795410156 -2.3863580226898193 
22.04956817626953 -2.3936767578125 
22.14693260192871 -2.5840249061584473 
22.156661987304688 -2.5940887928009033 
22.328529357910156 -2.99031925201416 
22.256698608398438 -2.69565749168396 
22.312721252441406 -2.7917373180389404 
22.567768096923828 -2.5904109477996826 
22.434608459472656 -2.6645336151123047 
22.559436798095703 -2.815542221069336 
22.611825942993164 -2.599559783935547 
22.610172271728516 -2.4522287845611572 
22.846176147460938 -2.7047884464263916 
22.730072021484375 -2.3927440643310547 
22.8446102142334 -2.943624496459961 
23.138708114624023 -2.827399730682373 
22.982959747314453 -2.5830740928649902 
23.060911178588867 -2.838378429412842 
23.169740676879883 -2.5400564670562744 
23.21174430847168 -2.3799173831939697 
23.370502471923828 -2.838378429412842 
23.31463623046875 -2.437572717666626 
23.39919662475586 -2.805424451828003 
23.43927001953125 -2.554694652557373 
23.490060806274414 -2.320432186126709 
23.625978469848633 -2.681880235671997 
23.55933380126953 -2.727642059326172 
23.71713638305664 -3.053391218185425 
23.966386795043945 -2.620565176010132 
24.049856185913086 -2.714815616607666 
23.995704650878906 -2.6352038383483887 
24.081356048583984 -3.1009647846221924 
24.343093872070312 -3.2638299465179443 
24.422382354736328 -2.6982665061950684 
24.387399673461914 -3.090883255004883 
24.498640060424805 -2.708392858505249 
24.535858154296875 -2.9106171131134033 
24.59390640258789 -2.9289143085479736 
24.609281539916992 -2.8300890922546387 
24.6570987701416 -2.6168880462646484 
24.965967178344727 -2.668120861053467 
25.239280700683594 -2.7065460681915283 
25.528461456298828 -2.757776975631714 
25.552839279174805 -3.148482322692871 
25.544479370117188 -2.566643476486206 
25.572895050048828 -2.5421414375305176 
25.843711853027344 -2.8209455013275146 
25.621667861938477 -3.1210379600524902 
25.820165634155273 -2.6669130325317383 
25.969303131103516 -2.369774341583252 
26.156517028808594 -2.3659842014312744 
26.302810668945312 -2.9851179122924805 
26.253976821899414 -2.3464367389678955 
26.44038200378418 -2.4741039276123047 
26.388195037841797 -2.3465325832366943 
26.506765365600586 -3.0578689575195312 
26.6129207611084 -3.0383269786834717 
26.63330078125 -3.2767319679260254 
26.711578369140625 -2.6773762702941895 
26.848249435424805 -2.643143892288208 
26.952646255493164 -2.9699082374572754 
26.961816787719727 -3.0660595893859863 
27.2887020111084 -2.588529109954834 
27.50851058959961 -2.9585540294647217 
27.610855102539062 -2.4504363536834717 
27.55560302734375 -1.6478854417800903 
27.638113021850586 -1.4527114629745483 
27.43529510498047 -1.018941879272461 
27.561988830566406 -0.7355005145072937 
27.73662757873535 -1.1741546392440796 
28.00703239440918 -2.624391794204712 
28.17235565185547 -3.1719558238983154 
28.513317108154297 -2.571786880493164 
28.411418914794922 -2.9190218448638916 
28.572214126586914 -2.3971939086914062 
28.776992797851562 -2.4483649730682373 
28.878807067871094 -2.9811699390411377 
28.986068725585938 -2.6790783405303955 
29.129817962646484 -2.61444354057312 
29.582569122314453 -2.761955976486206 
29.546863555908203 -2.876732110977173 
29.667865753173828 -2.966097354888916 
29.97916030883789 -2.775991201400757 
30.070690155029297 -2.5964977741241455 
30.034095764160156 -2.8054566383361816 
30.190664291381836 -2.584813356399536 
30.384769439697266 -2.268031597137451 
30.42184066772461 -2.414247512817383 
30.45037269592285 -2.53985857963562 
30.49651336669922 -2.5183122158050537 
30.235361099243164 -2.37880277633667 
30.346233367919922 -2.5888671875 
30.39065170288086 -2.4534990787506104 
30.5550537109375 -2.6881237030029297 
30.45775032043457 -2.518284559249878 
30.41360855102539 -2.3877577781677246 
30.39453887939453 -2.4230751991271973 
30.481689453125 -0.9790705442428589 
30.377317428588867 -2.666398048400879 
30.32709503173828 -2.361212730407715 
30.293428421020508 -2.331742525100708 
30.31192398071289 -2.4426333904266357 
30.29779052734375 -2.601583480834961 
30.221342086791992 -2.2168898582458496 
30.339473724365234 -1.213294267654419 
30.32416343688965 -1.670768141746521 
30.24941635131836 -2.3395586013793945 
30.24941635131836 -2.16294264793396 
30.269420623779297 -1.5399062633514404 
30.26011085510254 -2.138428211212158 
30.34660530090332 -2.133585214614868 
30.2694091796875 -1.9117748737335205 
30.279178619384766 -2.0314877033233643 
30.403175354003906 -1.6680209636688232 
30.202739715576172 -1.4809869527816772 
30.258441925048828 -1.4300013780593872 
30.359237670898438 -1.2078046798706055 
30.313684463500977 -1.4437730312347412 
30.24781608581543 -1.504559874534607 
30.32573127746582 -1.4231834411621094 
30.218767166137695 -1.486883282661438 
30.411334991455078 -2.3597090244293213 
30.322078704833984 -1.327996850013733 
30.364032745361328 -1.1582965850830078 
30.317480087280273 -1.457527756690979 
30.249418258666992 -1.7832272052764893 
30.269411087036133 -1.4516080617904663 
30.41133689880371 -1.6155544519424438 
30.34151268005371 -1.4374566078186035 
30.247453689575195 -0.8481399416923523 
30.265649795532227 -1.437456488609314 
30.360227584838867 -0.5833256244659424 
30.390132904052734 -0.5637299418449402 
30.292325973510742 -0.6745182275772095 
30.252819061279297 -0.7558250427246094 
30.25448226928711 -0.5243411660194397 
30.369583129882812 -0.798202633857727 
30.088001251220703 -0.6743723750114441 
30.237911224365234 -0.9364508986473083 
30.18734359741211 -0.8314224481582642 
30.135351181030273 -1.0580451488494873 
30.13362693786621 -1.389676809310913 
30.183874130249023 -1.0708311796188354 
30.005443572998047 -1.245357632637024 
29.968669891357422 -1.0451747179031372 
29.850557327270508 -1.1687195301055908 
29.71320915222168 -1.654310703277588 
29.878023147583008 -1.0892688035964966 
29.850557327270508 -1.1687195301055908 
29.64424705505371 -1.0655608177185059 
29.580455780029297 -1.1763935089111328 
29.53849983215332 -1.4088891744613647 
29.59953498840332 -1.4020664691925049 
29.130617141723633 -0.697269082069397 
29.16997718811035 -1.1034960746765137 
29.141157150268555 -0.7257415652275085 
29.3271484375 -0.8661783933639526 
29.355993270874023 -0.5247567892074585 
28.949626922607422 -0.6137653589248657 
28.908416748046875 -0.7148048281669617 
28.84250259399414 -0.5970138907432556 
28.725910186767578 -0.6852484345436096 
28.4314022064209 -0.5133461356163025 
28.40534782409668 -0.6261669397354126 
28.200345993041992 -0.5907289981842041 
27.883853912353516 -0.6356425285339355 
27.64888572692871 -1.5563864707946777 
27.506881713867188 -0.8976058959960938 
27.04451560974121 -1.432669997215271 
25.98853302001953 -0.9051275849342346 
25.609466552734375 -2.6159541606903076 
25.395977020263672 -0.6688135862350464 
25.42043685913086 -0.5709053874015808 
25.38185691833496 -0.6010950803756714 
25.164936065673828 -0.8454028367996216 
25.06192970275879 -0.7511516809463501 
25.038124084472656 -1.2214694023132324 
24.839208602905273 -0.7968969345092773 
24.90001678466797 -1.1372849941253662 
24.80204963684082 -1.0247361660003662 
24.55651092529297 -0.6422467231750488 
24.44999122619629 -0.5909947752952576 
24.16569709777832 -0.9341269731521606 
24.094486236572266 -1.141839861869812 
24.11792755126953 -1.3587013483047485 
23.826465606689453 -1.17843496799469 
23.85453987121582 -1.0073171854019165 
23.699039459228516 -0.8508377075195312 
23.569177627563477 -1.483141541481018 
23.483415603637695 -0.8837728500366211 
23.450458526611328 -1.0439119338989258 
23.307010650634766 -1.6634082794189453 
23.187509536743164 -1.0493439435958862 
23.366085052490234 -2.882291793823242 
23.28734588623047 -3.121128559112549 
23.031557083129883 -1.3998525142669678 
23.18418312072754 -2.463189125061035 
22.733232498168945 -1.6231359243392944 
22.601842880249023 -1.5654807090759277 
22.46022605895996 -0.8837186098098755 
22.336456298828125 -1.0429425239562988 
22.135929107666016 -1.534356713294983 
22.173187255859375 -1.4199612140655518 
22.167394638061523 -1.5288673639297485 
22.14801025390625 -1.5398459434509277 
22.06881332397461 -1.4199612140655518 
21.76758575439453 -1.5398459434509277 
21.873334884643555 -1.3723695278167725 
21.766529083251953 -1.6597306728363037 
21.637582778930664 -1.60664963722229 
21.507875442504883 -1.5563137531280518 
21.15277862548828 -1.3055474758148193 
21.415525436401367 -1.4300066232681274 
21.092050552368164 -1.4053049087524414 
21.053138732910156 -1.0860893726348877 
21.013307571411133 -1.397071123123169 
20.913217544555664 -1.4492371082305908 
20.894271850585938 -1.397071123123169 
20.824729919433594 -1.441917896270752 
20.882396697998047 -1.5023179054260254 
20.6610050201416 -0.9257840514183044 
20.50960922241211 -1.202148675918579 
20.47410011291504 -1.1618759632110596 
20.442262649536133 -1.0987316370010376 
20.529531478881836 -1.202148675918579 
20.897226333618164 -1.364135503768921 
20.3587703704834 -1.1582348346710205 
20.49917984008789 -0.8415976762771606 
20.30824089050293 -0.9523336291313171 
21.149734497070312 -0.7217312455177307 
20.974140167236328 -0.7638338208198547 
20.753232955932617 -0.945033073425293 
20.064054489135742 -0.8699952363967896 
19.792190551757812 -0.5899896621704102 
20.125778198242188 -1.0045356750488281 
19.572925567626953 -0.8041425943374634 
19.539793014526367 -0.7053178548812866 
19.104843139648438 -0.9734483957290649 
18.93587875366211 -0.6376355886459351 
18.83209991455078 -0.8929394483566284 
18.66217041015625 -0.8627484440803528 
18.270404815673828 -1.4217453002929688 
18.139509201049805 -1.3092982769012451 
18.121309280395508 -0.9689109325408936 
17.91838836669922 -1.2708736658096313 
18.085180282592773 -0.9442094564437866 
18.202255249023438 -0.5873535871505737 
17.704833984375 -0.7785986065864563 
17.757644653320312 -0.5653974413871765 
17.476545333862305 -0.973501443862915 
17.58177947998047 -0.5214827060699463 
17.300710678100586 -1.3293516635894775 
17.379657745361328 -1.205002784729004 
16.759870529174805 -2.783393383026123 
16.7288818359375 -1.2514665126800537 
16.381412506103516 -1.4877533912658691 
16.334932327270508 -1.4822680950164795 
16.28131866455078 -1.479520320892334 
16.127105712890625 -1.6131110191345215 
16.054101943969727 -1.4657964706420898 
16.0878963470459 -1.1675124168395996 
16.05158233642578 -0.7027037143707275 
15.63833236694336 -2.6360654830932617 
15.482043266296387 -3.081663131713867 
15.609078407287598 -1.5893259048461914 
15.284004211425781 -2.83003830909729 
15.287911415100098 -2.5271782875061035 
14.88112735748291 -1.8343455791473389 
14.658561706542969 -1.95961332321167 
14.712128639221191 -1.8827582597732544 
14.417831420898438 -2.1439971923828125 
14.16455364227295 -2.173872947692871 
13.953350067138672 -2.2683866024017334 
13.91357135772705 -2.2429683208465576 
13.78176212310791 -2.2153830528259277 
13.675067901611328 -2.203608274459839 
13.527565956115723 -2.3283798694610596 
13.426039695739746 -2.246283531188965 
13.312161445617676 -1.7647062540054321 
13.396345138549805 -2.0979502201080322 
13.162535667419434 -1.9175466299057007 
12.936238288879395 -2.226606607437134 
12.762367248535156 -2.291283369064331 
12.732332229614258 -2.1777429580688477 
12.677949905395508 -2.1520798206329346 
12.565312385559082 -2.2399346828460693 
12.469474792480469 -2.3385791778564453 
12.41089916229248 -2.262237071990967 
12.348637580871582 -2.2069804668426514 
12.021326065063477 -2.3962607383728027 
11.988197326660156 -2.4651215076446533 
11.949584007263184 -2.2943620681762695 
11.844210624694824 -2.3741238117218018 
11.765630722045898 -2.317002058029175 
11.632410049438477 -2.3392117023468018 
11.813699722290039 -2.2076687812805176 
11.308019638061523 -2.441514730453491 
11.251058578491211 -2.2541041374206543 
11.207030296325684 -2.3088085651397705 
11.064826011657715 -2.3981521129608154 
11.07466983795166 -2.2215359210968018 
10.949902534484863 -2.4588491916656494 
11.003823280334473 -2.214790105819702 
10.933961868286133 -2.169966697692871 
11.072057723999023 -1.899500846862793 
10.983779907226562 -2.023515462875366 
10.867791175842285 -1.8072608709335327 
10.819245338439941 -2.0212199687957764 
10.390114784240723 -1.8675612211227417 
10.270979881286621 -1.8767752647399902 
10.149409294128418 -1.9865245819091797 
9.931783676147461 -1.7911628484725952 
9.7920560836792 -2.0535340309143066 
9.700712203979492 -2.1899056434631348 
9.512218475341797 -2.13279390335083 
9.492965698242188 -2.205594539642334 
9.329252243041992 -2.25715970993042 
9.267993927001953 -2.1732518672943115 
9.19751262664795 -2.1594300270080566 
9.062917709350586 -2.1796233654022217 
8.866450309753418 -2.228013515472412 
8.769444465637207 -2.2657437324523926 
8.741226196289062 -2.2920055389404297 
8.555850982666016 -2.34002947807312 
8.451894760131836 -2.2259421348571777 
8.26206111907959 -2.1077542304992676 
8.207386016845703 -2.210740089416504 
8.178569793701172 -2.2350034713745117 
8.091629028320312 -2.2315566539764404 
7.886197566986084 -2.2538232803344727 
7.79436731338501 -2.1323280334472656 
7.765783309936523 -2.2442750930786133 
7.761109828948975 -2.1855242252349854 
7.348020076751709 -1.6236367225646973 
7.306642532348633 -1.857393741607666 
7.194974899291992 -1.7765560150146484 
7.23491096496582 -2.033203125 
7.1583147048950195 -2.305314302444458 
7.0848917961120605 -2.139111042022705 
7.052914142608643 -2.2748031616210938 
6.905304908752441 -2.1350839138031006 
6.864267349243164 -2.0755274295806885 
6.8232293128967285 -2.180056095123291 
6.722869873046875 -1.942731261253357 
6.568515300750732 -1.8754990100860596 
6.557166576385498 -2.079777717590332 
6.167242527008057 -0.5718887448310852 
6.143971920013428 -0.5028828978538513 
5.965065956115723 -1.1218876838684082 
6.079653739929199 -2.108400344848633 
5.765913963317871 -1.7815229892730713 
5.454936504364014 -1.3971225023269653 
6.004726886749268 -1.3092986345291138 
5.840794086456299 -1.6433899402618408 
5.753364562988281 -1.7360270023345947 
5.6775007247924805 -1.9169092178344727 
5.58470344543457 -1.8373030424118042 
5.5812554359436035 -1.903716802597046 
5.540762901306152 -1.9260411262512207 
5.527533531188965 -1.9149138927459717 
5.505080223083496 -1.5648150444030762 
5.477720260620117 -2.043184757232666 
5.83020544052124 -1.64177668094635 
5.914870738983154 -1.4228878021240234 
5.670540809631348 -1.215106725692749 
5.659694194793701 -1.574760913848877 
5.633139133453369 -1.6650596857070923 
5.614445686340332 -1.8769996166229248 
5.595861434936523 -1.8582080602645874 
5.569648742675781 -1.6680784225463867 
5.599581718444824 -1.1716605424880981 
5.565779209136963 -1.3755741119384766 
5.539796352386475 -1.7747352123260498 
5.517179489135742 -1.4242292642593384 
5.514222145080566 -1.6350630521774292 
5.588518142700195 -1.6324015855789185 
5.496579170227051 -1.8488117456436157 
5.549075126647949 -1.4121730327606201 
5.480897903442383 -1.6177560091018677 
5.4873552322387695 -1.7563230991363525 
5.4873552322387695 -1.7356098890304565 
5.503732204437256 -1.6798967123031616 
5.466782093048096 -1.8924460411071777 
5.464575290679932 -1.7149211168289185 
5.48305082321167 -1.6916418075561523 
5.498704433441162 -1.7978225946426392 
